1.000000, -0.072923
2.000000, -0.086794
3.000000, -0.098879
4.000000, -0.148991
5.000000, 0.069739
6.000000, -0.085077
7.000000, -0.096128
8.000000, 0.033818
9.000000, -0.171496
10.000000, 0.139067
11.000000, -0.173405
12.000000, -0.079124
13.000000, -0.062755
14.000000, 0.083819
15.000000, 0.071888
16.000000, 0.109365
17.000000, -0.062245
18.000000, 0.228990
19.000000, -0.045993
20.000000, 0.037736
21.000000, -0.106317
22.000000, 0.203417
23.000000, -0.056683
24.000000, -0.121177
25.000000, 0.002174
26.000000, 0.255547
27.000000, -0.051150
28.000000, -0.016786
29.000000, 0.074253
30.000000, 0.128909
31.000000, 0.038258
32.000000, 0.157300
33.000000, -0.058321
34.000000, -0.077879
35.000000, -0.083462
36.000000, 0.124304
37.000000, 0.263387
38.000000, 0.145676
39.000000, 0.128234
40.000000, 0.177439
41.000000, 0.086972
42.000000, 0.032596
43.000000, 0.175725
44.000000, 0.189061
45.000000, 0.243461
46.000000, 0.037005
47.000000, 0.062513
48.000000, -0.040451
49.000000, 0.070353
50.000000, 0.098571
51.000000, 0.219794
52.000000, 0.205821
53.000000, 0.267911
54.000000, 0.321670
55.000000, 0.328416
56.000000, 0.003537
57.000000, 0.184539
58.000000, -0.006080
59.000000, 0.295956
60.000000, 0.104465
61.000000, 0.073722
62.000000, 0.087240
63.000000, 0.037718
64.000000, 0.058552
65.000000, 0.314355
66.000000, 0.278771
67.000000, 0.277732
68.000000, 0.085758
69.000000, 0.023666
70.000000, -0.003469
71.000000, 0.085746
72.000000, 0.236320
73.000000, 0.221849
74.000000, 0.198320
75.000000, 0.046041
76.000000, 0.126581
77.000000, 0.073203
78.000000, 0.289469
79.000000, 0.254849
80.000000, 0.294059
81.000000, 0.109974
82.000000, 0.235428
83.000000, -0.038660
84.000000, 0.311415
85.000000, 0.197306
86.000000, 0.020569
87.000000, 0.204671
88.000000, 0.095473
89.000000, 0.245927
90.000000, 0.019501
91.000000, 0.107750
92.000000, -0.025693
93.000000, -0.077839
94.000000, -0.044413
95.000000, -0.002023
96.000000, 0.119503
97.000000, -0.148561
98.000000, 0.102701
99.000000, -0.077266
100.000000, 0.152073
101.000000, 0.018756
102.000000, -0.024765
103.000000, -0.157310
104.000000, -0.125598
105.000000, -0.080908
106.000000, 0.138521
107.000000, -0.049399
108.000000, -0.218741
109.000000, 0.088870
110.000000, -0.104493
111.000000, 0.064647
112.000000, -0.190585
113.000000, -0.004604
114.000000, -0.305255
115.000000, -0.252528
116.000000, -0.037231
117.000000, -0.079191
118.000000, -0.004778
119.000000, -0.134329
120.000000, -0.169933
121.000000, -0.096290
122.000000, -0.056309
123.000000, -0.059261
124.000000, -0.083862
125.000000, -0.162176
126.000000, -0.281547
127.000000, -0.434397
128.000000, -0.366928
129.000000, -0.465277
130.000000, -0.326530
131.000000, -0.124485
132.000000, -0.373783
133.000000, -0.155927
134.000000, -0.451365
135.000000, -0.393371
136.000000, -0.356855
137.000000, -0.446602
138.000000, -0.229903
139.000000, -0.445761
140.000000, -0.193888
141.000000, -0.434554
142.000000, -0.482178
143.000000, -0.273322
144.000000, -0.184400
145.000000, -0.210316
146.000000, -0.294066
147.000000, -0.251916
148.000000, -0.233342
149.000000, -0.226830
150.000000, -0.491726
151.000000, -0.334692
152.000000, -0.488659
153.000000, -0.409690
154.000000, -0.273744
155.000000, -0.300187
156.000000, -0.487888
157.000000, -0.289390
158.000000, -0.219738
159.000000, -0.243864
160.000000, -0.189619
161.000000, -0.518065
162.000000, -0.229000
163.000000, -0.263055
164.000000, -0.259437
165.000000, -0.374998
166.000000, -0.399914
167.000000, -0.504921
168.000000, -0.359615
169.000000, -0.476385
170.000000, -0.410900
171.000000, -0.368803
172.000000, -0.143368
173.000000, -0.427607
174.000000, -0.234379
175.000000, -0.329717
176.000000, -0.400634
177.000000, -0.455576
178.000000, -0.137411
179.000000, -0.322317
180.000000, -0.138026
181.000000, -0.189362
182.000000, -0.295525
183.000000, -0.076056
184.000000, -0.033103
185.000000, -0.141829
186.000000, -0.038856
187.000000, -0.129877
188.000000, -0.012836
189.000000, -0.309815
190.000000, 0.027978
191.000000, -0.251664
192.000000, -0.222827
193.000000, 0.022268
194.000000, -0.173632
195.000000, 0.055464
196.000000, 0.121955
197.000000, -0.126345
198.000000, 0.096607
199.000000, 0.065582
200.000000, 0.040689
201.000000, 0.234534
202.000000, -0.060077
203.000000, -0.038184
204.000000, 0.160556
205.000000, 0.207933
206.000000, 0.077399
207.000000, 0.333407
208.000000, -0.027673
209.000000, 0.104737
210.000000, 0.248929
211.000000, 0.019286
212.000000, 0.072674
213.000000, 0.128661
214.000000, 0.391494
215.000000, 0.427954
216.000000, 0.079432
217.000000, 0.188883
218.000000, 0.348105
219.000000, 0.511586
220.000000, 0.522822
221.000000, 0.391828
222.000000, 0.536249
223.000000, 0.318905
224.000000, 0.272596
225.000000, 0.420692
226.000000, 0.428964
227.000000, 0.328536
228.000000, 0.575779
229.000000, 0.575584
230.000000, 0.506566
231.000000, 0.546492
232.000000, 0.372963
233.000000, 0.323888
234.000000, 0.343831
235.000000, 0.558613
236.000000, 0.433587
237.000000, 0.553102
238.000000, 0.622758
239.000000, 0.611934
240.000000, 0.618927
241.000000, 0.353547
242.000000, 0.425092
243.000000, 0.524976
244.000000, 0.701743
245.000000, 0.563050
246.000000, 0.370898
247.000000, 0.668022
248.000000, 0.661838
249.000000, 0.556669
250.000000, 0.364012
251.000000, 0.744060
252.000000, 0.450424
253.000000, 0.712997
254.000000, 0.530552
255.000000, 0.374416
256.000000, 0.386597
257.000000, 0.491387
258.000000, 0.545996
259.000000, 0.488716
260.000000, 0.332982
261.000000, 0.614468
262.000000, 0.460125
263.000000, 0.578838
264.000000, 0.377744
265.000000, 0.551744
266.000000, 0.465955
267.000000, 0.559334
268.000000, 0.351987
269.000000, 0.626991
270.000000, 0.327121
271.000000, 0.293027
272.000000, 0.548822
273.000000, 0.591861
274.000000, 0.322944
275.000000, 0.452021
276.000000, 0.232713
277.000000, 0.297302
278.000000, 0.517522
279.000000, 0.440628
280.000000, 0.349707
281.000000, 0.284921
282.000000, 0.214760
283.000000, 0.207944
284.000000, 0.409085
285.000000, 0.248190
286.000000, 0.405167
287.000000, 0.272315
288.000000, 0.089443
289.000000, 0.053606
290.000000, 0.395588
291.000000, 0.251606
292.000000, 0.388059
293.000000, 0.167526
294.000000, 0.355338
295.000000, 0.176522
296.000000, 0.026094
297.000000, -0.034703
298.000000, -0.043953
299.000000, 0.186061
300.000000, -0.069862
301.000000, -0.064784
302.000000, 0.004567
303.000000, -0.033910
304.000000, 0.001006
305.000000, -0.155362
306.000000, -0.142245
307.000000, 0.032382
308.000000, 0.077323
309.000000, -0.102191
310.000000, -0.141677
311.000000, 0.081776
312.000000, -0.000254
313.000000, -0.139817
314.000000, -0.240181
315.000000, -0.306049
316.000000, 0.039232
317.000000, -0.181480
318.000000, -0.122336
319.000000, -0.166122
320.000000, -0.023623
321.000000, -0.317693
322.000000, -0.364346
323.000000, -0.388484
324.000000, -0.401039
325.000000, -0.155615
326.000000, -0.246722
327.000000, -0.073945
328.000000, -0.287629
329.000000, -0.111186
330.000000, -0.181788
331.000000, -0.095020
332.000000, -0.285652
333.000000, -0.309200
334.000000, -0.283104
335.000000, -0.282590
336.000000, -0.308778
337.000000, -0.116551
338.000000, -0.160655
339.000000, -0.383561
340.000000, -0.219881
341.000000, -0.167953
342.000000, -0.388069
343.000000, -0.449324
344.000000, -0.481661
345.000000, -0.213286
346.000000, -0.298418
347.000000, -0.329682
348.000000, -0.192996
349.000000, -0.420746
350.000000, -0.383522
351.000000, -0.210964
352.000000, -0.316651
353.000000, -0.335243
354.000000, -0.392828
355.000000, -0.256896
356.000000, -0.161492
357.000000, -0.459745
358.000000, -0.415149
359.000000, -0.272456
360.000000, -0.106367
361.000000, -0.331523
362.000000, -0.336960
363.000000, -0.417247
364.000000, -0.411660
365.000000, -0.196670
366.000000, -0.085674
367.000000, -0.273383
368.000000, -0.264589
369.000000, -0.378721
370.000000, -0.229939
371.000000, -0.030855
372.000000, -0.357973
373.000000, -0.290027
374.000000, -0.016523
375.000000, -0.333906
376.000000, -0.142348
377.000000, 0.013786
378.000000, 0.051534
379.000000, -0.095342
380.000000, 0.047843
381.000000, -0.049981
382.000000, 0.043222
383.000000, -0.130528
384.000000, -0.201784
385.000000, 0.043843
386.000000, 0.073565
387.000000, -0.053499
388.000000, -0.062777
389.000000, -0.168824
390.000000, -0.029808
391.000000, -0.022242
392.000000, -0.044600
393.000000, 0.218133
394.000000, 0.127003
395.000000, 0.043632
396.000000, 0.133828
397.000000, 0.134091
398.000000, 0.296373
399.000000, 0.219892
400.000000, 0.211560
401.000000, 0.285947
402.000000, -0.052546
403.000000, 0.181142
404.000000, 0.350315
405.000000, 0.184075
406.000000, 0.004452
407.000000, 0.213773
408.000000, 0.087453
409.000000, 0.180511
410.000000, 0.051684
411.000000, 0.070567
412.000000, 0.347722
413.000000, 0.136119
414.000000, 0.240972
415.000000, 0.256769
416.000000, 0.061714
417.000000, 0.410705
418.000000, 0.249692
419.000000, 0.463097
420.000000, 0.304099
421.000000, 0.430935
422.000000, 0.182440
423.000000, 0.137184
424.000000, 0.154763
425.000000, 0.121752
426.000000, 0.181501
427.000000, 0.451892
428.000000, 0.415834
429.000000, 0.482836
430.000000, 0.144710
431.000000, 0.142405
432.000000, 0.507131
433.000000, 0.326375
434.000000, 0.433988
435.000000, 0.243756
436.000000, 0.167944
437.000000, 0.315133
438.000000, 0.287244
439.000000, 0.487393
440.000000, 0.184521
441.000000, 0.201626
442.000000, 0.179435
443.000000, 0.501471
444.000000, 0.416643
445.000000, 0.198321
446.000000, 0.380391
447.000000, 0.200114
448.000000, 0.290002
449.000000, 0.484249
450.000000, 0.338527
451.000000, 0.162334
452.000000, 0.352400
453.000000, 0.171513
454.000000, 0.128022
455.000000, 0.177389
456.000000, 0.299233
457.000000, 0.352081
458.000000, 0.265647
459.000000, 0.164797
460.000000, 0.163218
461.000000, 0.427576
462.000000, 0.188542
463.000000, 0.164284
464.000000, 0.419214
465.000000, 0.104743
466.000000, 0.319205
467.000000, 0.180386
468.000000, 0.176114
469.000000, 0.372168
470.000000, 0.258382
471.000000, 0.292568
472.000000, 0.369115
473.000000, 0.265525
474.000000, 0.156445
475.000000, 0.105212
476.000000, 0.267604
477.000000, 0.119323
478.000000, 0.401225
479.000000, 0.072482
480.000000, 0.322844
481.000000, 0.372008
482.000000, 0.186094
483.000000, 0.242468
484.000000, 0.158850
485.000000, 0.380105
486.000000, 0.251609
487.000000, 0.296965
488.000000, 0.152708
489.000000, 0.044673
490.000000, 0.181352
491.000000, 0.321859
492.000000, 0.252435
493.000000, 0.158815
494.000000, 0.178587
495.000000, 0.041709
496.000000, 0.258099
497.000000, 0.060718
498.000000, 0.249876
499.000000, 0.029012
500.000000, 0.217876
501.000000, 0.289532
502.000000, 0.213071
503.000000, 0.255884
504.000000, 0.154498
505.000000, 0.095761
506.000000, 0.377909
507.000000, 0.374504
508.000000, 0.281791
509.000000, 0.282698
510.000000, 0.253171
511.000000, 0.032102
512.000000, 0.211673
513.000000, 0.344047
514.000000, 0.090507
515.000000, 0.340451
516.000000, 0.095714
517.000000, 0.206891
518.000000, 0.140348
519.000000, 0.162184
520.000000, 0.399322
521.000000, 0.044259
522.000000, 0.324406
523.000000, 0.191164
524.000000, 0.280274
525.000000, 0.181516
526.000000, 0.400064
527.000000, 0.400704
528.000000, 0.282654
529.000000, 0.085527
530.000000, 0.286386
531.000000, 0.407890
532.000000, 0.309149
533.000000, 0.175208
534.000000, 0.221729
535.000000, 0.123290
536.000000, 0.251668
537.000000, 0.210395
538.000000, 0.216038
539.000000, 0.305561
540.000000, 0.159219
541.000000, 0.151200
542.000000, 0.457118
543.000000, 0.162407
544.000000, 0.258492
545.000000, 0.458775
546.000000, 0.330492
547.000000, 0.516089
548.000000, 0.376231
549.000000, 0.331454
550.000000, 0.323044
551.000000, 0.192238
552.000000, 0.456725
553.000000, 0.461371
554.000000, 0.472840
555.000000, 0.454896
556.000000, 0.285889
557.000000, 0.188038
558.000000, 0.326282
559.000000, 0.546635
560.000000, 0.487164
561.000000, 0.308927
562.000000, 0.266290
563.000000, 0.258707
564.000000, 0.224559
565.000000, 0.369493
566.000000, 0.303545
567.000000, 0.289667
568.000000, 0.253100
569.000000, 0.382190
570.000000, 0.484395
571.000000, 0.348339
572.000000, 0.252721
573.000000, 0.245200
574.000000, 0.548331
575.000000, 0.325165
576.000000, 0.245367
577.000000, 0.527428
578.000000, 0.496969
579.000000, 0.465664
580.000000, 0.365102
581.000000, 0.324916
582.000000, 0.504883
583.000000, 0.227560
584.000000, 0.520557
585.000000, 0.473976
586.000000, 0.414354
587.000000, 0.321683
588.000000, 0.483230
589.000000, 0.514777
590.000000, 0.128298
591.000000, 0.438560
592.000000, 0.365428
593.000000, 0.273833
594.000000, 0.316607
595.000000, 0.398668
596.000000, 0.324782
597.000000, 0.379539
598.000000, 0.079272
599.000000, 0.202821
600.000000, 0.206594
601.000000, 0.295410
602.000000, 0.274702
603.000000, 0.366028
604.000000, 0.247376
605.000000, 0.239662
606.000000, 0.335031
607.000000, 0.281464
608.000000, 0.265225
609.000000, 0.001839
610.000000, 0.027572
611.000000, -0.017258
612.000000, 0.263093
613.000000, 0.069391
614.000000, 0.088629
615.000000, -0.073177
616.000000, -0.102386
617.000000, 0.262309
618.000000, -0.068415
619.000000, 0.232111
620.000000, -0.056137
621.000000, -0.130028
622.000000, 0.099470
623.000000, -0.145008
624.000000, -0.162926
625.000000, 0.081363
626.000000, -0.204633
627.000000, -0.151296
628.000000, -0.112616
629.000000, -0.104544
630.000000, 0.046989
631.000000, -0.017677
632.000000, -0.047845
633.000000, -0.030274
634.000000, -0.266251
635.000000, -0.134085
636.000000, -0.063552
637.000000, -0.250793
638.000000, -0.184555
639.000000, -0.062743
640.000000, -0.302406
641.000000, -0.296842
642.000000, -0.162999
643.000000, -0.251658
644.000000, -0.199193
645.000000, -0.217138
646.000000, -0.205307
647.000000, -0.097257
648.000000, -0.117736
649.000000, -0.018751
650.000000, -0.187397
651.000000, -0.036733
652.000000, -0.077135
653.000000, -0.117597
654.000000, 0.002218
655.000000, -0.167393
656.000000, -0.106640
657.000000, -0.027566
658.000000, -0.117089
659.000000, 0.063230
660.000000, -0.285384
661.000000, -0.203912
662.000000, -0.168623
663.000000, -0.127285
664.000000, -0.222708
665.000000, -0.178361
666.000000, -0.210402
667.000000, -0.286487
668.000000, -0.282616
669.000000, 0.031549
670.000000, -0.267294
671.000000, 0.093996
672.000000, -0.180381
673.000000, -0.006930
674.000000, -0.032515
675.000000, 0.050304
676.000000, -0.081449
677.000000, 0.090870
678.000000, -0.000049
679.000000, 0.114800
680.000000, -0.035377
681.000000, 0.201078
682.000000, 0.203301
683.000000, 0.075657
684.000000, 0.075798
685.000000, -0.048289
686.000000, 0.136666
687.000000, 0.197548
688.000000, 0.270265
689.000000, 0.122985
690.000000, 0.248541
691.000000, 0.034290
692.000000, -0.015179
693.000000, 0.042599
694.000000, 0.349688
695.000000, 0.339283
696.000000, 0.110710
697.000000, 0.119358
698.000000, 0.336408
699.000000, 0.241541
700.000000, 0.471273
701.000000, 0.303096
702.000000, 0.289081
703.000000, 0.219807
704.000000, 0.294246
705.000000, 0.351427
706.000000, 0.245821
707.000000, 0.598316
708.000000, 0.397536
709.000000, 0.558635
710.000000, 0.579495
711.000000, 0.360265
712.000000, 0.539257
713.000000, 0.400837
714.000000, 0.362159
715.000000, 0.489968
716.000000, 0.368662
717.000000, 0.399724
718.000000, 0.581656
719.000000, 0.468211
720.000000, 0.407522
721.000000, 0.808041
722.000000, 0.721226
723.000000, 0.828945
724.000000, 0.828975
725.000000, 0.649112
726.000000, 0.867194
727.000000, 0.824708
728.000000, 0.618168
729.000000, 0.885855
730.000000, 0.560856
731.000000, 0.572145
732.000000, 0.534944
733.000000, 0.664939
734.000000, 0.699931
735.000000, 0.608538
736.000000, 0.852863
737.000000, 0.958344
738.000000, 0.711031
739.000000, 0.904016
740.000000, 0.862846
741.000000, 0.643442
742.000000, 0.894037
743.000000, 0.961854
744.000000, 0.612873
745.000000, 0.656813
746.000000, 0.767042
747.000000, 0.987109
748.000000, 1.022662
749.000000, 0.692585
750.000000, 0.694242
751.000000, 0.666717
752.000000, 0.867729
753.000000, 0.789294
754.000000, 0.725608
755.000000, 0.702217
756.000000, 0.694361
757.000000, 0.970033
758.000000, 0.865830
759.000000, 0.858480
760.000000, 0.868573
761.000000, 0.671372
762.000000, 0.845672
763.000000, 0.940239
764.000000, 0.654798
765.000000, 0.835151
766.000000, 0.923527
767.000000, 0.662604
768.000000, 0.788975
769.000000, 0.740907
770.000000, 0.873054
771.000000, 0.548953
772.000000, 0.814549
773.000000, 0.730668
774.000000, 0.670390
775.000000, 0.799880
776.000000, 0.635710
777.000000, 0.608663
778.000000, 0.717978
779.000000, 0.599980
780.000000, 0.501542
781.000000, 0.439443
782.000000, 0.503895
783.000000, 0.752856
784.000000, 0.771971
785.000000, 0.559295
786.000000, 0.410019
787.000000, 0.543081
788.000000, 0.721962
789.000000, 0.615575
790.000000, 0.682829
791.000000, 0.654137
792.000000, 0.362454
793.000000, 0.292467
794.000000, 0.402910
795.000000, 0.276972
796.000000, 0.511808
797.000000, 0.334695
798.000000, 0.360850
799.000000, 0.246181
800.000000, 0.446607
801.000000, 0.218961
802.000000, 0.430568
803.000000, 0.205600
804.000000, 0.340474
805.000000, 0.219307
806.000000, 0.356209
807.000000, 0.100361
808.000000, 0.112274
809.000000, 0.104177
810.000000, 0.157725
811.000000, 0.162354
812.000000, 0.078229
813.000000, 0.243104
814.000000, 0.346187
815.000000, 0.124059
816.000000, 0.261293
817.000000, 0.247713
818.000000, 0.315510
819.000000, -0.008569
820.000000, 0.027941
821.000000, 0.191235
822.000000, 0.179317
823.000000, 0.251799
824.000000, 0.086289
825.000000, 0.093157
826.000000, -0.012401
827.000000, -0.028818
828.000000, 0.066360
829.000000, 0.029625
830.000000, 0.006783
831.000000, 0.068898
832.000000, -0.183796
833.000000, -0.128434
834.000000, 0.162220
835.000000, 0.019476
836.000000, -0.211552
837.000000, -0.103806
838.000000, -0.206290
839.000000, 0.090825
840.000000, 0.055249
841.000000, -0.016539
842.000000, 0.002291
843.000000, -0.148948
844.000000, -0.068221
845.000000, -0.027481
846.000000, 0.101939
847.000000, 0.031416
848.000000, -0.038802
849.000000, 0.111533
850.000000, -0.034843
851.000000, -0.116002
852.000000, 0.070500
853.000000, 0.169154
854.000000, -0.064645
855.000000, -0.115326
856.000000, -0.109175
857.000000, -0.193800
858.000000, 0.196931
859.000000, 0.130519
860.000000, 0.040812
861.000000, -0.022768
862.000000, 0.089321
863.000000, 0.232718
864.000000, 0.127972
865.000000, -0.109063
866.000000, 0.036713
867.000000, 0.142993
868.000000, 0.007396
869.000000, 0.251498
870.000000, 0.144614
871.000000, 0.273534
872.000000, 0.080280
873.000000, 0.039556
874.000000, 0.284603
875.000000, -0.054257
876.000000, 0.007975
877.000000, 0.342520
878.000000, 0.254876
879.000000, 0.102024
880.000000, 0.321127
881.000000, 0.323586
882.000000, 0.374748
883.000000, 0.278849
884.000000, 0.283924
885.000000, 0.090600
886.000000, 0.421582
887.000000, 0.314376
888.000000, 0.178602
889.000000, 0.466855
890.000000, 0.115550
891.000000, 0.116128
892.000000, 0.153609
893.000000, 0.336089
894.000000, 0.490898
895.000000, 0.310691
896.000000, 0.384629
897.000000, 0.409525
898.000000, 0.210318
899.000000, 0.346789
900.000000, 0.341932
901.000000, 0.307437
902.000000, 0.262146
903.000000, 0.273083
904.000000, 0.344092
905.000000, 0.352612
906.000000, 0.629124
907.000000, 0.337583
908.000000, 0.474284
909.000000, 0.338315
910.000000, 0.655286
911.000000, 0.666275
912.000000, 0.356425
913.000000, 0.657329
914.000000, 0.320359
915.000000, 0.610680
916.000000, 0.679478
917.000000, 0.488925
918.000000, 0.438143
919.000000, 0.389603
920.000000, 0.688684
921.000000, 0.618608
922.000000, 0.671093
923.000000, 0.506848
924.000000, 0.440982
925.000000, 0.375014
926.000000, 0.408633
927.000000, 0.509088
928.000000, 0.500380
929.000000, 0.585135
930.000000, 0.539323
931.000000, 0.761490
932.000000, 0.451999
933.000000, 0.701400
934.000000, 0.461562
935.000000, 0.713485
936.000000, 0.616848
937.000000, 0.580190
938.000000, 0.536016
939.000000, 0.540642
940.000000, 0.544599
941.000000, 0.493253
942.000000, 0.778594
943.000000, 0.652830
944.000000, 0.589327
945.000000, 0.464818
946.000000, 0.425560
947.000000, 0.737174
948.000000, 0.524809
949.000000, 0.558750
950.000000, 0.400653
951.000000, 0.712351
952.000000, 0.480979
953.000000, 0.730992
954.000000, 0.387019
955.000000, 0.606261
956.000000, 0.582103
957.000000, 0.620381
958.000000, 0.483704
959.000000, 0.361016
960.000000, 0.456509
961.000000, 0.710928
962.000000, 0.654549
963.000000, 0.463175
964.000000, 0.621816
965.000000, 0.549904
966.000000, 0.325419
967.000000, 0.485262
968.000000, 0.322876
969.000000, 0.620880
970.000000, 0.695645
971.000000, 0.575441
972.000000, 0.607526
973.000000, 0.531086
974.000000, 0.402043
975.000000, 0.583076
976.000000, 0.558580
977.000000, 0.454583
978.000000, 0.441865
979.000000, 0.331266
980.000000, 0.483931
981.000000, 0.343334
982.000000, 0.561564
983.000000, 0.545390
984.000000, 0.538300
985.000000, 0.548537
986.000000, 0.514369
987.000000, 0.605963
988.000000, 0.443949
989.000000, 0.382388
990.000000, 0.629092
991.000000, 0.292494
992.000000, 0.324649
993.000000, 0.302063
994.000000, 0.562174
995.000000, 0.265324
996.000000, 0.434055
997.000000, 0.476810
998.000000, 0.383275
999.000000, 0.512709
1000.000000, 0.580263
1001.000000, 0.598166
1002.000000, 0.619115
1003.000000, 0.599337
1004.000000, 0.242929
1005.000000, 0.258275
1006.000000, 0.591238
1007.000000, 0.422210
1008.000000, 0.423220
1009.000000, 0.380380
1010.000000, 0.626127
1011.000000, 0.537687
1012.000000, 0.630578
1013.000000, 0.470029
1014.000000, 0.269163
1015.000000, 0.591549
1016.000000, 0.381495
1017.000000, 0.616698
1018.000000, 0.617219
1019.000000, 0.496910
1020.000000, 0.463200
1021.000000, 0.624082
1022.000000, 0.427063
1023.000000, 0.387319
1024.000000, 0.316390
1025.000000, 0.354165
1026.000000, 0.535682
1027.000000, 0.670495
1028.000000, 0.621594
1029.000000, 0.599218
1030.000000, 0.491003
1031.000000, 0.709693
1032.000000, 0.633324
1033.000000, 0.482042
1034.000000, 0.560445
1035.000000, 0.433326
1036.000000, 0.451674
1037.000000, 0.647915
1038.000000, 0.484515
1039.000000, 0.531699
1040.000000, 0.666500
1041.000000, 0.512681
1042.000000, 0.554277
1043.000000, 0.393433
1044.000000, 0.675135
1045.000000, 0.636448
1046.000000, 0.442069
1047.000000, 0.481665
1048.000000, 0.522432
1049.000000, 0.414919
1050.000000, 0.486426
1051.000000, 0.435962
1052.000000, 0.412028
1053.000000, 0.669338
1054.000000, 0.738481
1055.000000, 0.577533
1056.000000, 0.527109
1057.000000, 0.537552
1058.000000, 0.711268
1059.000000, 0.505032
1060.000000, 0.660739
1061.000000, 0.528791
1062.000000, 0.805016
1063.000000, 0.657077
1064.000000, 0.783443
1065.000000, 0.828754
1066.000000, 0.810005
1067.000000, 0.622403
1068.000000, 0.480326
1069.000000, 0.454989
1070.000000, 0.582711
1071.000000, 0.649777
1072.000000, 0.793599
1073.000000, 0.796212
1074.000000, 0.749986
1075.000000, 0.490776
1076.000000, 0.571577
1077.000000, 0.776147
1078.000000, 0.621112
1079.000000, 0.584149
1080.000000, 0.513634
1081.000000, 0.644050
1082.000000, 0.462909
1083.000000, 0.756036
1084.000000, 0.665466
1085.000000, 0.707247
1086.000000, 0.567044
1087.000000, 0.747622
1088.000000, 0.693283
1089.000000, 0.394881
1090.000000, 0.716908
1091.000000, 0.610650
1092.000000, 0.450779
1093.000000, 0.664595
1094.000000, 0.691890
1095.000000, 0.577202
1096.000000, 0.521493
1097.000000, 0.347755
1098.000000, 0.673610
1099.000000, 0.596314
1100.000000, 0.626200
1101.000000, 0.525745
1102.000000, 0.364066
1103.000000, 0.526128
1104.000000, 0.334318
1105.000000, 0.460237
1106.000000, 0.322283
1107.000000, 0.401759
1108.000000, 0.480042
1109.000000, 0.472034
1110.000000, 0.325704
1111.000000, 0.218541
1112.000000, 0.152948
1113.000000, 0.176136
1114.000000, 0.496376
1115.000000, 0.359595
1116.000000, 0.356508
1117.000000, 0.095722
1118.000000, 0.168894
1119.000000, 0.105310
1120.000000, 0.127531
1121.000000, 0.089790
1122.000000, 0.096949
1123.000000, 0.062356
1124.000000, 0.131647
1125.000000, 0.030748
1126.000000, 0.303123
1127.000000, 0.374364
1128.000000, 0.076097
1129.000000, 0.219096
1130.000000, 0.144834
1131.000000, 0.031568
1132.000000, 0.032083
1133.000000, 0.022002
1134.000000, 0.310797
1135.000000, 0.127814
1136.000000, 0.243165
1137.000000, -0.008113
1138.000000, 0.002717
1139.000000, 0.245478
1140.000000, 0.097546
1141.000000, 0.288738
1142.000000, -0.041710
1143.000000, 0.264751
1144.000000, 0.033318
1145.000000, 0.055483
1146.000000, 0.016811
1147.000000, -0.072546
1148.000000, 0.193530
1149.000000, -0.062832
1150.000000, 0.195688
1151.000000, 0.023447
1152.000000, 0.028357
1153.000000, 0.072349
1154.000000, 0.030873
1155.000000, -0.140155
1156.000000, 0.125305
1157.000000, -0.036841
1158.000000, 0.098655
1159.000000, 0.006909
1160.000000, 0.085316
1161.000000, 0.181138
1162.000000, 0.095626
1163.000000, -0.003596
1164.000000, 0.064067
1165.000000, 0.252722
1166.000000, 0.243799
1167.000000, 0.246521
1168.000000, 0.288706
1169.000000, 0.207755
1170.000000, -0.080263
1171.000000, 0.317560
1172.000000, 0.110445
1173.000000, 0.144262
1174.000000, -0.020058
1175.000000, 0.267142
1176.000000, 0.249277
1177.000000, 0.189836
1178.000000, 0.279173
1179.000000, 0.266650
1180.000000, 0.246790
1181.000000, 0.046099
1182.000000, 0.175183
1183.000000, 0.197905
1184.000000, 0.322711
1185.000000, 0.221901
1186.000000, 0.294099
1187.000000, 0.332305
1188.000000, 0.264926
1189.000000, 0.449078
1190.000000, 0.345144
1191.000000, 0.463428
1192.000000, 0.278154
1193.000000, 0.509754
1194.000000, 0.267139
1195.000000, 0.240674
1196.000000, 0.243358
1197.000000, 0.285465
1198.000000, 0.559194
1199.000000, 0.638912
1200.000000, 0.346717
1201.000000, 0.594156
1202.000000, 0.308507
1203.000000, 0.358470
1204.000000, 0.402580
1205.000000, 0.713098
1206.000000, 0.577800
1207.000000, 0.385324
1208.000000, 0.738357
1209.000000, 0.782624
1210.000000, 0.610372
1211.000000, 0.605015
1212.000000, 0.694255
1213.000000, 0.552770
1214.000000, 0.755064
1215.000000, 0.881243
1216.000000, 0.568063
1217.000000, 0.768574
1218.000000, 0.786357
1219.000000, 0.797394
1220.000000, 0.950558
1221.000000, 0.723059
1222.000000, 0.685320
1223.000000, 0.775794
1224.000000, 0.650148
1225.000000, 0.759043
1226.000000, 0.941005
1227.000000, 0.759624
1228.000000, 0.940195
1229.000000, 0.915929
1230.000000, 1.003227
1231.000000, 0.884909
1232.000000, 0.838003
1233.000000, 0.941490
1234.000000, 0.943618
1235.000000, 0.923418
1236.000000, 1.008274
1237.000000, 0.873331
1238.000000, 0.777613
1239.000000, 0.881324
1240.000000, 1.064026
1241.000000, 1.103469
1242.000000, 0.887256
1243.000000, 0.758618
1244.000000, 0.766956
1245.000000, 1.097981
1246.000000, 1.136121
1247.000000, 1.067042
1248.000000, 1.149431
1249.000000, 0.960833
1250.000000, 0.985844
1251.000000, 1.024368
1252.000000, 1.151815
1253.000000, 1.122631
1254.000000, 0.769221
1255.000000, 0.986485
1256.000000, 1.045552
1257.000000, 0.811010
1258.000000, 0.766175
1259.000000, 0.955901
1260.000000, 0.752926
1261.000000, 0.931537
1262.000000, 0.809767
1263.000000, 0.909645
1264.000000, 0.974018
1265.000000, 0.724680
1266.000000, 1.040660
1267.000000, 0.704941
1268.000000, 0.936732
1269.000000, 0.874036
1270.000000, 0.892850
1271.000000, 1.003767
1272.000000, 0.715640
1273.000000, 0.711858
1274.000000, 0.673071
1275.000000, 0.937830
1276.000000, 0.891406
1277.000000, 0.942660
1278.000000, 0.636823
1279.000000, 0.729253
1280.000000, 0.799002
1281.000000, 0.772986
1282.000000, 0.639150
1283.000000, 0.820006
1284.000000, 0.646024
1285.000000, 0.873136
1286.000000, 0.546999
1287.000000, 0.762393
1288.000000, 0.773888
1289.000000, 0.605638
1290.000000, 0.677892
1291.000000, 0.710112
1292.000000, 0.470397
1293.000000, 0.661899
1294.000000, 0.713814
1295.000000, 0.728384
1296.000000, 0.668428
1297.000000, 0.501310
1298.000000, 0.287017
1299.000000, 0.275440
1300.000000, 0.292562
1301.000000, 0.553813
1302.000000, 0.445382
1303.000000, 0.496760
1304.000000, 0.285458
1305.000000, 0.184382
1306.000000, 0.212772
1307.000000, 0.403406
1308.000000, 0.142001
1309.000000, 0.497910
1310.000000, 0.507717
1311.000000, 0.245479
1312.000000, 0.438803
1313.000000, 0.303511
1314.000000, 0.388540
1315.000000, 0.234751
1316.000000, 0.053166
1317.000000, 0.201393
1318.000000, 0.132918
1319.000000, 0.357990
1320.000000, 0.341890
1321.000000, 0.232372
1322.000000, 0.059832
1323.000000, 0.044886
1324.000000, 0.160883
1325.000000, 0.089247
1326.000000, 0.225028
1327.000000, 0.071524
1328.000000, 0.012446
1329.000000, 0.037224
1330.000000, 0.264773
1331.000000, 0.033628
1332.000000, 0.070537
1333.000000, -0.033321
1334.000000, 0.078190
1335.000000, -0.055529
1336.000000, -0.026327
1337.000000, 0.063991
1338.000000, 0.050278
1339.000000, 0.043382
1340.000000, 0.205264
1341.000000, 0.130176
1342.000000, 0.195738
1343.000000, 0.156079
1344.000000, 0.011978
1345.000000, -0.074062
1346.000000, -0.141649
1347.000000, -0.054823
1348.000000, 0.004616
1349.000000, 0.014816
1350.000000, 0.225771
1351.000000, 0.206469
1352.000000, 0.076820
1353.000000, 0.073746
1354.000000, -0.111619
1355.000000, 0.006096
1356.000000, 0.227211
1357.000000, -0.060196
1358.000000, -0.073369
1359.000000, 0.001935
1360.000000, 0.116331
1361.000000, 0.047958
1362.000000, 0.045729
1363.000000, -0.000476
1364.000000, 0.253833
1365.000000, 0.171552
1366.000000, -0.052929
1367.000000, -0.054049
1368.000000, -0.074631
1369.000000, 0.295214
1370.000000, 0.082669
1371.000000, 0.112601
1372.000000, 0.182434
1373.000000, 0.035114
1374.000000, -0.021669
1375.000000, 0.241545
1376.000000, 0.170864
1377.000000, 0.076602
1378.000000, 0.084544
1379.000000, 0.292810
1380.000000, 0.323893
1381.000000, 0.251893
1382.000000, 0.254609
1383.000000, 0.216719
1384.000000, 0.286636
1385.000000, 0.365946
1386.000000, 0.200964
1387.000000, 0.407253
1388.000000, 0.133624
1389.000000, 0.301813
1390.000000, 0.282614
1391.000000, 0.497162
1392.000000, 0.313632
1393.000000, 0.530091
1394.000000, 0.323420
1395.000000, 0.268062
1396.000000, 0.529459
1397.000000, 0.387235
1398.000000, 0.368168
1399.000000, 0.428642
1400.000000, 0.315928
1401.000000, 0.328006
1402.000000, 0.317507
1403.000000, 0.474150
1404.000000, 0.584057
1405.000000, 0.598957
1406.000000, 0.523139
1407.000000, 0.667053
1408.000000, 0.671887
1409.000000, 0.560356
1410.000000, 0.608269
1411.000000, 0.440123
1412.000000, 0.619084
1413.000000, 0.331452
1414.000000, 0.459778
1415.000000, 0.466928
1416.000000, 0.381234
1417.000000, 0.727173
1418.000000, 0.505230
1419.000000, 0.505893
1420.000000, 0.660461
1421.000000, 0.524463
1422.000000, 0.585200
1423.000000, 0.618092
1424.000000, 0.374034
1425.000000, 0.525067
1426.000000, 0.749380
1427.000000, 0.606060
1428.000000, 0.742843
1429.000000, 0.745898
1430.000000, 0.674561
1431.000000, 0.588729
1432.000000, 0.703497
1433.000000, 0.378418
1434.000000, 0.672790
1435.000000, 0.415189
1436.000000, 0.392865
1437.000000, 0.447041
1438.000000, 0.560907
1439.000000, 0.374382
1440.000000, 0.712310
1441.000000, 0.556705
1442.000000, 0.425321
1443.000000, 0.461342
1444.000000, 0.383470
1445.000000, 0.440234
1446.000000, 0.541510
1447.000000, 0.536688
1448.000000, 0.489516
1449.000000, 0.522112
1450.000000, 0.473920
1451.000000, 0.567281
1452.000000, 0.731516
1453.000000, 0.617704
1454.000000, 0.470817
1455.000000, 0.551242
1456.000000, 0.469901
1457.000000, 0.462112
1458.000000, 0.478405
1459.000000, 0.601277
1460.000000, 0.443315
1461.000000, 0.545069
1462.000000, 0.630757
1463.000000, 0.332709
1464.000000, 0.349492
1465.000000, 0.655036
1466.000000, 0.660800
1467.000000, 0.365611
1468.000000, 0.373671
1469.000000, 0.590166
1470.000000, 0.570743
1471.000000, 0.392973
1472.000000, 0.385240
1473.000000, 0.343991
1474.000000, 0.334322
1475.000000, 0.623602
1476.000000, 0.239737
1477.000000, 0.487239
1478.000000, 0.412948
1479.000000, 0.253260
1480.000000, 0.388252
1481.000000, 0.487078
1482.000000, 0.579890
1483.000000, 0.403364
1484.000000, 0.562264
1485.000000, 0.580370
1486.000000, 0.367409
1487.000000, 0.323385
1488.000000, 0.210905
1489.000000, 0.509522
1490.000000, 0.334563
1491.000000, 0.469438
1492.000000, 0.385701
1493.000000, 0.352358
1494.000000, 0.266456
1495.000000, 0.212077
1496.000000, 0.187381
1497.000000, 0.493464
1498.000000, 0.288362
1499.000000, 0.422054
1500.000000, 0.193336
1501.000000, 0.385809
1502.000000, 0.196278
1503.000000, 0.249783
1504.000000, 0.315594
1505.000000, 0.436183
1506.000000, 0.498125
1507.000000, 0.476876
1508.000000, 0.244317
1509.000000, 0.290684
1510.000000, 0.537387
1511.000000, 0.274833
1512.000000, 0.217322
1513.000000, 0.454919
1514.000000, 0.271965
1515.000000, 0.292161
1516.000000, 0.163126
1517.000000, 0.390270
1518.000000, 0.344609
1519.000000, 0.233882
1520.000000, 0.453227
1521.000000, 0.392078
1522.000000, 0.279047
1523.000000, 0.337280
1524.000000, 0.280814
1525.000000, 0.419058
1526.000000, 0.210175
1527.000000, 0.433159
1528.000000, 0.211454
1529.000000, 0.543706
1530.000000, 0.339304
1531.000000, 0.250305
1532.000000, 0.446157
1533.000000, 0.464206
1534.000000, 0.528120
1535.000000, 0.513561
1536.000000, 0.538966
1537.000000, 0.485158
1538.000000, 0.593748
1539.000000, 0.474681
1540.000000, 0.530039
1541.000000, 0.523906
1542.000000, 0.517669
1543.000000, 0.612606
1544.000000, 0.635365
1545.000000, 0.381900
1546.000000, 0.290924
1547.000000, 0.578154
1548.000000, 0.531044
1549.000000, 0.329515
1550.000000, 0.454733
1551.000000, 0.640015
1552.000000, 0.321289
1553.000000, 0.531523
1554.000000, 0.346691
1555.000000, 0.520886
1556.000000, 0.519600
1557.000000, 0.448498
1558.000000, 0.536269
1559.000000, 0.451907
1560.000000, 0.613811
1561.000000, 0.555983
1562.000000, 0.444109
1563.000000, 0.520156
1564.000000, 0.527683
1565.000000, 0.625172
1566.000000, 0.666113
1567.000000, 0.558341
1568.000000, 0.467381
1569.000000, 0.282397
1570.000000, 0.303604
1571.000000, 0.600841
1572.000000, 0.620819
1573.000000, 0.519735
1574.000000, 0.432344
1575.000000, 0.628012
1576.000000, 0.271178
1577.000000, 0.389038
1578.000000, 0.236417
1579.000000, 0.461483
1580.000000, 0.446603
1581.000000, 0.218516
1582.000000, 0.443543
1583.000000, 0.345437
1584.000000, 0.204972
1585.000000, 0.579401
1586.000000, 0.233745
1587.000000, 0.393727
1588.000000, 0.511236
1589.000000, 0.430983
1590.000000, 0.163808
1591.000000, 0.317506
1592.000000, 0.308724
1593.000000, 0.430370
1594.000000, 0.514769
1595.000000, 0.208509
1596.000000, 0.450327
1597.000000, 0.106169
1598.000000, 0.209029
1599.000000, 0.358091
1600.000000, 0.255481
1601.000000, 0.264231
1602.000000, 0.124838
1603.000000, 0.073447
1604.000000, 0.207481
1605.000000, 0.352034
1606.000000, 0.247901
1607.000000, 0.159443
1608.000000, 0.023738
1609.000000, 0.014005
1610.000000, 0.339180
1611.000000, 0.323450
1612.000000, 0.094773
1613.000000, 0.214130
1614.000000, 0.123641
1615.000000, 0.191363
1616.000000, 0.267584
1617.000000, -0.117488
1618.000000, -0.005243
1619.000000, 0.033666
1620.000000, -0.098294
1621.000000, -0.037094
1622.000000, 0.164843
1623.000000, -0.173857
1624.000000, -0.175267
1625.000000, -0.140750
1626.000000, 0.012457
1627.000000, -0.134633
1628.000000, 0.044905
1629.000000, -0.141927
1630.000000, 0.032159
1631.000000, -0.182447
1632.000000, -0.024544
1633.000000, -0.249290
1634.000000, 0.066075
1635.000000, -0.141650
1636.000000, -0.184585
1637.000000, -0.267870
1638.000000, -0.143867
1639.000000, -0.170022
1640.000000, -0.331470
1641.000000, -0.009539
1642.000000, -0.007970
1643.000000, -0.064060
1644.000000, -0.194022
1645.000000, -0.069650
1646.000000, -0.042778
1647.000000, -0.128680
1648.000000, -0.373579
1649.000000, -0.355694
1650.000000, -0.238682
1651.000000, -0.098697
1652.000000, -0.178621
1653.000000, -0.227521
1654.000000, -0.404530
1655.000000, -0.347256
1656.000000, -0.047364
1657.000000, -0.184157
1658.000000, -0.217862
1659.000000, -0.332515
1660.000000, -0.038123
1661.000000, -0.272652
1662.000000, -0.232307
1663.000000, -0.081132
1664.000000, -0.094481
1665.000000, -0.231191
1666.000000, -0.154404
1667.000000, -0.017799
1668.000000, -0.130166
1669.000000, -0.284091
1670.000000, -0.096134
1671.000000, -0.155258
1672.000000, 0.015621
1673.000000, -0.246700
1674.000000, -0.161321
1675.000000, -0.239237
1676.000000, -0.315441
1677.000000, -0.292497
1678.000000, -0.298498
1679.000000, 0.078648
1680.000000, -0.070851
1681.000000, 0.014374
1682.000000, 0.053097
1683.000000, 0.049535
1684.000000, 0.103900
1685.000000, -0.245813
1686.000000, -0.193274
1687.000000, 0.052280
1688.000000, 0.122458
1689.000000, -0.064981
1690.000000, -0.116163
1691.000000, 0.039963
1692.000000, -0.167787
1693.000000, -0.148065
1694.000000, 0.220661
1695.000000, 0.020843
1696.000000, 0.187189
1697.000000, -0.016566
1698.000000, 0.143066
1699.000000, 0.270280
1700.000000, 0.178205
1701.000000, 0.309584
1702.000000, 0.351776
1703.000000, 0.027043
1704.000000, -0.009514
1705.000000, 0.358623
1706.000000, 0.066841
1707.000000, 0.057100
1708.000000, 0.320820
1709.000000, 0.117892
1710.000000, 0.125024
1711.000000, 0.265847
1712.000000, 0.466778
1713.000000, 0.396581
1714.000000, 0.381793
1715.000000, 0.153529
1716.000000, 0.260170
1717.000000, 0.524590
1718.000000, 0.504536
1719.000000, 0.529765
1720.000000, 0.420270
1721.000000, 0.261009
1722.000000, 0.277246
1723.000000, 0.516409
1724.000000, 0.605739
1725.000000, 0.500731
1726.000000, 0.464646
1727.000000, 0.495396
1728.000000, 0.359031
1729.000000, 0.601573
1730.000000, 0.597151
1731.000000, 0.525063
1732.000000, 0.471216
1733.000000, 0.523459
1734.000000, 0.451170
1735.000000, 0.714276
1736.000000, 0.467472
1737.000000, 0.713023
1738.000000, 0.341051
1739.000000, 0.646416
1740.000000, 0.514999
1741.000000, 0.594285
1742.000000, 0.470360
1743.000000, 0.715644
1744.000000, 0.437914
1745.000000, 0.499538
1746.000000, 0.473651
1747.000000, 0.365659
1748.000000, 0.592222
1749.000000, 0.683607
1750.000000, 0.583152
1751.000000, 0.491307
1752.000000, 0.399436
1753.000000, 0.387136
1754.000000, 0.729536
1755.000000, 0.549740
1756.000000, 0.363172
1757.000000, 0.426005
1758.000000, 0.401972
1759.000000, 0.437905
1760.000000, 0.667067
1761.000000, 0.506863
1762.000000, 0.356016
1763.000000, 0.340629
1764.000000, 0.300401
1765.000000, 0.607775
1766.000000, 0.646386
1767.000000, 0.618457
1768.000000, 0.400467
1769.000000, 0.586693
1770.000000, 0.408824
1771.000000, 0.391471
1772.000000, 0.258918
1773.000000, 0.212738
1774.000000, 0.420300
1775.000000, 0.278515
1776.000000, 0.327412
1777.000000, 0.211719
1778.000000, 0.113976
1779.000000, 0.418249
1780.000000, 0.231945
1781.000000, 0.076033
1782.000000, 0.340966
1783.000000, 0.127162
1784.000000, 0.299749
1785.000000, 0.106987
1786.000000, 0.099148
1787.000000, 0.029495
1788.000000, 0.098142
1789.000000, 0.245862
1790.000000, 0.283322
1791.000000, 0.195210
1792.000000, -0.007060
1793.000000, 0.058143
1794.000000, 0.233254
1795.000000, 0.090165
1796.000000, -0.069679
1797.000000, 0.062543
1798.000000, 0.071418
1799.000000, -0.062204
1800.000000, -0.163107
1801.000000, -0.134446
1802.000000, 0.003204
1803.000000, -0.038446
1804.000000, -0.207167
1805.000000, -0.306113
1806.000000, -0.127148
1807.000000, -0.285343
1808.000000, -0.162989
1809.000000, -0.038980
1810.000000, -0.157593
1811.000000, -0.309797
1812.000000, -0.091660
1813.000000, -0.385358
1814.000000, -0.359186
1815.000000, -0.209067
1816.000000, -0.400981
1817.000000, -0.174751
1818.000000, -0.388970
1819.000000, -0.336408
1820.000000, -0.239102
1821.000000, -0.262013
1822.000000, -0.314818
1823.000000, -0.481360
1824.000000, -0.298713
1825.000000, -0.467686
1826.000000, -0.493047
1827.000000, -0.573573
1828.000000, -0.630252
1829.000000, -0.273811
1830.000000, -0.288845
1831.000000, -0.508637
1832.000000, -0.389168
1833.000000, -0.408592
1834.000000, -0.633834
1835.000000, -0.611458
1836.000000, -0.337223
1837.000000, -0.347689
1838.000000, -0.558983
1839.000000, -0.615170
1840.000000, -0.478917
1841.000000, -0.474128
1842.000000, -0.720305
1843.000000, -0.403717
1844.000000, -0.527427
1845.000000, -0.373390
1846.000000, -0.691841
1847.000000, -0.362529
1848.000000, -0.371443
1849.000000, -0.705190
1850.000000, -0.577445
1851.000000, -0.614427
1852.000000, -0.404690
1853.000000, -0.363231
1854.000000, -0.449551
1855.000000, -0.466143
1856.000000, -0.481184
1857.000000, -0.609093
1858.000000, -0.439923
1859.000000, -0.666706
1860.000000, -0.422379
1861.000000, -0.685952
1862.000000, -0.331640
1863.000000, -0.470789
1864.000000, -0.351766
1865.000000, -0.627169
1866.000000, -0.304405
1867.000000, -0.597636
1868.000000, -0.599071
1869.000000, -0.521674
1870.000000, -0.363913
1871.000000, -0.334174
1872.000000, -0.499436
1873.000000, -0.495460
1874.000000, -0.340724
1875.000000, -0.542611
1876.000000, -0.288648
1877.000000, -0.354613
1878.000000, -0.228947
1879.000000, -0.537998
1880.000000, -0.517938
1881.000000, -0.471361
1882.000000, -0.287771
1883.000000, -0.433469
1884.000000, -0.330724
1885.000000, -0.411045
1886.000000, -0.336117
1887.000000, -0.394025
1888.000000, -0.273926
1889.000000, -0.526135
1890.000000, -0.198726
1891.000000, -0.376037
1892.000000, -0.221837
1893.000000, -0.116623
1894.000000, -0.289436
1895.000000, -0.218256
1896.000000, -0.305366
1897.000000, -0.129903
1898.000000, -0.200691
1899.000000, -0.253506
1900.000000, -0.300781
1901.000000, -0.167230
1902.000000, -0.394964
1903.000000, -0.409089
1904.000000, -0.074107
1905.000000, -0.154991
1906.000000, -0.165661
1907.000000, -0.235392
1908.000000, -0.197240
1909.000000, -0.327853
1910.000000, -0.351269
1911.000000, -0.109684
1912.000000, -0.322275
1913.000000, -0.163649
1914.000000, -0.369760
1915.000000, -0.197491
1916.000000, -0.274377
1917.000000, -0.097014
1918.000000, -0.156910
1919.000000, -0.115573
1920.000000, -0.273259
1921.000000, -0.296390
1922.000000, -0.340148
1923.000000, 0.027547
1924.000000, -0.068969
1925.000000, -0.124669
1926.000000, -0.227683
1927.000000, -0.328576
1928.000000, -0.004196
1929.000000, -0.107390
1930.000000, -0.339303
1931.000000, 0.025626
1932.000000, -0.344955
1933.000000, -0.093989
1934.000000, -0.036675
1935.000000, -0.143598
1936.000000, -0.240018
1937.000000, -0.107769
1938.000000, -0.191753
1939.000000, -0.146486
1940.000000, -0.292056
1941.000000, -0.074161
1942.000000, -0.290630
1943.000000, -0.339767
1944.000000, -0.025526
1945.000000, -0.059622
1946.000000, -0.040126
1947.000000, -0.362869
1948.000000, -0.123113
1949.000000, -0.340348
1950.000000, -0.080641
1951.000000, -0.128220
1952.000000, -0.114825
1953.000000, -0.125668
1954.000000, -0.414245
1955.000000, -0.199291
1956.000000, -0.090103
1957.000000, -0.249407
1958.000000, -0.259856
1959.000000, -0.366630
1960.000000, -0.086864
1961.000000, -0.249751
1962.000000, -0.101598
1963.000000, -0.479177
1964.000000, -0.427137
1965.000000, -0.301548
1966.000000, -0.259990
1967.000000, -0.386926
1968.000000, -0.270771
1969.000000, -0.394800
1970.000000, -0.203653
1971.000000, -0.333521
1972.000000, -0.288189
1973.000000, -0.461519
1974.000000, -0.522282
1975.000000, -0.561175
1976.000000, -0.228765
1977.000000, -0.289107
1978.000000, -0.275896
1979.000000, -0.426412
1980.000000, -0.579042
1981.000000, -0.553440
1982.000000, -0.522133
1983.000000, -0.595108
1984.000000, -0.291167
1985.000000, -0.575050
1986.000000, -0.396596
1987.000000, -0.437068
1988.000000, -0.576988
1989.000000, -0.354440
1990.000000, -0.417036
1991.000000, -0.606732
1992.000000, -0.490049
1993.000000, -0.403231
1994.000000, -0.567551
1995.000000, -0.433907
1996.000000, -0.310771
1997.000000, -0.464163
1998.000000, -0.416869
1999.000000, -0.305719
2000.000000, -0.340353
